020202020202020202020202020202020202020202020202020202020202024261616161616161616161616161616161614402020261616161616161616161616161616161616161616161616161020202616161616161020202020202020202426161616161616161616161616161616161616161616161
020202020202020202020202020202020202020202020202020202020202026161616161616161616161616161616161616102020261616161616161616161616161616161616161616161616161020202616161616161020202020202020202616162020202020202020202020202020202020202606161
020202020202020202020202020202020202020202020202020202020202026161616161616161616161616161616161616102020261616161616161616161616161616161616161616161616161020202616161616161020207070707070202616102260202260202020202020202020226020226026161
020202020201020278797973737373737373737373737373737373797979806061616161616161616161616161616161616202020261616161616161616161616161616161616161616161616162020202616161616161020202020202020202616102022020020202452828282847020202202002026161
020202020202020296979791915555555555555555555555555591919797980202020202020202020202020202020202020202020261616161616162020202020202020202020202020202020202020202616161616161020202020702020202616102022020020202633434343465020202202002026161
020202020202020296979791915555555555555555555555555591919797980202020202020202020202020202020202020202020261616161616202020202020202020202020202020202020202020202616161616162020202020702020202616102260202260202020202020202020226020226026161
020201020202020296979791915502020202020202020202025597919797980202070202020202020202020202020202020202020260616161620202020702020202020202020202020202020202020202606161616202020202020202020202616102020202020203050202020203050202020202026161
020202020202020296919791915502020202020202020202025597919797980202020202020202070202020202070202020202020202606162020202020202020202020702020202020702020202020202026061620202020207070707070202616144020911020221230202020221230202091102426161
020202020202020296979791915502020202454647020202025597919791980202020202020202020202020202020202020202020202020202020202020202020202020202020202020202020202020202020202020202020202020202020202616161442729020202020202020202020202272942616161
020202020201020296979791915502020202632265020202025591919797980202020202070202020202020202020202070202020202020202020202020202020702020202020202020202020702020202020202020202020202020202020202616161614402020202020202020202020202024261616161
020202020202020296919791915502454702020202024547025591919197980202020202020202020272737402020202020202020202020202020202020202020202020202727374020202020202020202020202020202020202020202020202616161616143434343434324244343434343436161616161
020202020202020296979791915502636502020202026365025591919797980202020202020202020213113113102020202020202020202020202020202020202020202020202131131131020202020202020202020202020202020702020202070202616161616161616161616124246161616161616161
020201020202020296919791915502020202020202020202021311311311311311311310202020202020202021081091100202020202020202020242430202020202020202020202020210810911002020202020202020202424302020202020202020202020261616161616161616161612424616161616
020202020202020296979191915502020202020202020202021311311311311311311310202020207020202020202020202020207020202024261614302020202020202070202020202020202020202070202020242616143020202020202020202020261616161616161616161612424616161616161616
020202020202020296979791915502020202020202020202025591919797980202020202020202020202020202020202020202024261616161430202020202020202020202020202020202020202020242616161614302020702020202070202606161616161616161616124246161616161616161616162
020202020201020296919791915502020202020202020202025591919197980202020202020202070202020202070202020202426161616161614302020202020202020702020202020702020202024261616161616143020202020202020202262602020202070702022002022002020707020202020202
020202020202020296979791915555555555181818555555555591919797980202070202020202020202020202020202020242616161616161616102020702020202020202020202020202020202426161616161616161440202020202020226260202020202070702022020202002020707020202020202
020202020202020296979191915555555555181818555555555591919791980202020202020202020202020202020202024261616161616161616102020202020202020202020202020202020242616161616161616161614402020202022626020202020202020202020202020202020202020202020202
020201020202020296979791919191919191137137137919191919191919797984243434343434343434343434343434343436161616161616161616142434343434343434343434343434343434361616161616161616161616144020202262602020202020202020202020202020202020202020202020
020202020202020296919791919191919191137137137919191919191919797986161616161616161616161616161616161616161616161616161616161616161616161616161616161616161616161616161616161616161616161434426260202020202020202020202020202020202020202020202020
020202020202020296979197971371371371371371371371379797979797979791979802020202020202020202020202020202020260616161616162020202020202020260616161616162020202020202250202020202020202606161616161260202020202020707020202020202020202020202020207
020202020202020296979797971371371371371371371371379797979797979797979802020202022525020202020202252502020202606161616202020202020202020202606161616202020202020202020202020202020202026061616162020202020202020707020202020202020202020202020207
380202020202020211411511511511513713711511597979797971151151151151151151151151160202020202020202020202020202020202020202606162020202020202020202020202606162020202020202020202020225020202020202026061620202020202020202020202020202020202020202
550202020202020202020202020202023813397979713202020202020202020202020202020202020225250202020202020202020202020202020207070702020202020202020202020202020202250202250202020202020226262602020202020202020202020202020202070702020202020202020202
550202020102020202020202010202025538979797020202020202250202252502020202020202020202020202020202020202020202020202020707070202020202020202020202020202020202020202020202250202022626260202020202020202020202020202020207070202020202020202020202
550202020202020202020202020202025555979797020225020202020202020202020202250225022502250225022502020202020202020202020707070202020202020202020202020202020202020202020202250202022626260202020202020202020202020202020202020202020202020202020202
550202020202020201020202020202025555979797020225020202020202020202020202022502250225022502250225020202020202020202020707070202020202020202020202020202020202020202020202020202022626260202020202020202020202020202020202020202020202020202020202
550202020202020202020202020202025555979797020202020202250202252502020202020202020202020202020202020202424344020202020202020202020202424344020202020202020225020225020202020202024243440202020202020202070702020202020202020202020202070702020202
550202020102020202020202010202025555979797020202020202020202020202020202020202020202020202020202020242616161440202020202020202020242616161440202020202020202020225020202020202426161434402020202020202070702020202020202020202020202070702020202
550202020202020202020202020202025555979797020202020202020202020202020202020202020202020202020202024261616161610202020202020202024261616161614402020202020202020202020202020242616161616144020202020202020202020202020202020202020202020202020202
550202020202020202020202020202025556979797424343432525252525252525252525252525250202022525252525256161616161610202020202020202426161616161616144020202020225020202020202024261616161616161440202020202020202020202020202020202020202020202020202
550202191902021902020219020202020202979797616161612525252525252525252525252525250202022525252525256161616161610202020202424343616161616161616161434343434343434355555555555555555555555555553802020202020202020202020207070202020202020202020202
540219191902021902020202020202020202979797616161616161616161616161616161616161610202026161616161616161616161610202020202616161616161616161616161616161616161616155555555555555555555555555555538020202020202020202020207070202020202020202020202
020202020202021902020202020202021902979797606161616161616161616161616161616161620202026161616161616161616161610202020202616161616161616161616161616161616161616155555555555555555555555555555555380202020202020202020202020202020202020202020202
020202020202021902021919190202021902979797020202020202020202020202020202020202020202026161616161616161616161620202020202616161616161616161616161616161616161616155555555555555555555555555555555553802020202020202020202020202020202020202020202
190202021902021902020202020202021902979797020202020202020202020202020202020202020202026161616161620202020202020202020202616161616161616161616161616161616161616155555555555555555555555555555555555537373737373737373737373737373737373737373737
190202021902020202020202020202021902979797020207020202020202020202020202020202020202026061616162020202101102020202020261616161616161616161616161616202020202020202025455555555555555555555555555555555555555555555555555555555555555555555555555
190202021902020202020202020202021902979797020202020202020207020202020207020202020202020260616202020202272229020202020202616161616161616161616161616202020202020219020202545555555555555555555555555555555555555555555555555555555555555555555555
190202021902021919190202021919191902979797020202020202020202020202020202020202020202020202020202020202020202020202020202606161616161616161616161620202020202020202020202025455555555555555555555555555555555555555555555555555555602023940410255
190202021902021902020202020202021902979797020202020207020202020202020202020207020202020202020202020202020202020202020202026061616161616161616162020202070202020202020102020254555555555555555555555555555555560254555555555555560202025722590255
190202020202021919020202020202021919979797020202020202020202027273740202020202020202020202020202020202020202020202020202020260616161616161616202020202020202020202020202020202545602020254555555555555555556020202545555555556020202020202020255
190202020202020219020219020202020202131131131020202020202020202021311311310202020202020202020202020202020202020202020202020202020202020202020202020202020202020202020701020202020202020202020202545555555555555602020202025455555602020202020202
190202021902020219020219020202020202131131131020202020202020202021081091100202020202020202020242430202020202020202020202020202020202020202020202020202020202020202020202020202020202020202020202020202020202020202020202020202020202020202020202
190202191919190219020219020202021919979797020202020207020202020202020202020207020202024261614302020202020202020202020202020202020202020202020202020202070202020202020102020202020202020202020202020202020202020202020202020202020202020202020255
190202190202190219020219020219191919979797020202020202020202020202020202020202020202426161616143020202020202020202020202020202434343434343434402020202020202020202020202020236373802020202363737373737373738020202023637380202020202020202020255
190202190202191919020219020202021919979797020202020202020207020202020207020202020242616161616161430202020202020202020202020202616161616161616144020202020202020202020202023655555538020236555555555555555555380202365555553802020202020202020255
190202190202020202020219020202020219979797020207020202020202020202020202020202024261616161616161614343434402020202020202020202616161616161616161440202020225020202020202365555555555383655555555555555555555553836555555555538020202020202020255
190219190202020202020202020202020219979797020202020202020202020202020202020202426161616161616161616161616144020202020202020202616161616161616161614402020202020202020236555555555555555555555555555555555555555555555555555555380202020202020255
190294190202020202020202020202021919979797424343434343434343434343434343434343616161616161616161616161616161434343434343434343616161616161616161616143434343434337373755555555555555555555555555555555555555555555555555555555553737373737373737
191919191919191919191919191919191902979797616161616161616161616161616161616161616161616161616161616161616161616161616161616161616161616161616161616161616161616155555555555555555555555555555555555555555555555555555555555555555555555555555555
