020202020202020202020202020202020202020202020202020202020202024261616161616161616161616161616161614402020261616161616161616161616161616161616161616161616161020202616161616161020202020202020202426161616161616161616161616161616161616161616161
020202020202020202020202020202020202020202020202020202020202026161616161616161616161616161616161616102020261616161616161616161616161616161616161616161616161020202616161616161020202020202020202616162020202020202020202020202020202020202606161
0202020202020202020202020202020202020202020202020202020202020261616161616161616161616161616161616161020202616161616161616161616161616161616161616161616161610202026161616161610202077077070202616102260202260202020202020202020226020226026161
020202020201020272737373737373737373737373737373737373737373746061616161616161616161616161616161616202020261616161616161616161616161616161616161616161616162020202616161616161020202020202020202616102022020020202452828282847020202202002026161
020202020202020275696969695555555555555555555555555569696969760202020202020202020202020202020202020202020261616161616162020202020202020202020202020202020202020202616161616161020202020702020202616102022020020202632222222265020202202002026161
020202020202020275696969695555555555555555555555555569696969760202020202020202020202020202020202020202020261616161616202020202020202020202020202020202020202020202616161616162020202020702020202616102260202260202020202020202020226020226026161
020201020202020275696969695502020202020202020202025569696969760202070202020202020202020202020202020202020260616161620202020702020202020202020202020202020202020202606161616202020202020202020202616102020202020203050202020203050202020202026161
0202020202020202756969696955020202020202020202020255696969697602020202020202020702020202020702020202020202026061620202020202020202020207020202020207020202020202020260616202020202077077070202616144020911020221230202020221230202091102426161
020202020202020275696969695502020202454647020202025569696969760202020202020202020202020202020202020202020202020202020202020202020202020202020202020202020202020202020202020202020202020202020202616161442729020202020202020202020202272942616161
020202020201020275696969695502020202632265020202025569696969760202020202070202020202020202020202070202020202020202020202020202020702020202020202020202020702020202020202020202020202020202020202616161614402020202020202020202020202024261616161
020202020202020275696969695502454702020202024547025569696969760202020202020202020272737402020202020202020202020202020202020202020202020202727374020202020202020202020202020202020202020202020202616161616143434343434324244343434343436161616161
020202020202020275696969695502636502020202026365025569696969760202020202020202020212121202020202020202020202020202020202020202020202020202121212020202020202020202020202020202020702020202070202616161616161616161616124246161616161616161616161
020201020202020275696969695502020202020202020202021212121212121202020202020202020277787902020202020202020202424302020202020202020202020202777879020202020202020202024243020202020202020202020202616161616161616161616124246161616161616161616161
020202020202020275696969695502020202020202020202021212121212121202020202070202020202020202020202070202020242616143020202020202020702020202020202020202020702020202426161430202020202020202020202616161616161616161616124246161616161616161616161
020202020202020275696969695502020202020202020202025569696969760202020202020202020202020202020202020202024261616161430202020202020202020202020202020202020202020242616161614302020702020202070202606161616161616161616124246161616161616161616162
0202020202010202756969696955020202020202020202020255696969697602020202020202020702020202020702020202024261616161616143020202020202020207020202020207020202020242616161616161430202020202020202022626020202020770202200202200202077020202020202
0202020202020202756969696955555555551818185555555555696969697602020702020202020202020202020202020202426161616161616161440207020202020202020202020202020202024261616161616161614402020202020202262602020202020770202202020200202077020202020202
020202020202020275696969695555555555181818555555555569696969760202020202020202020202020202020202024261616161616161616161440202020202020202020202020202020242616161616161616161614402020202022626020202020202020202020202020202020202020202020202
020201020202020275696969696969696969646464696969696969696969764243434343434343434343434343434343436161616161616161616161614343434343434343434343434343434361616161616161616161616144020202262602020202020202020202020202020202020202020202020202
020202020202020269696464646464646464646464696969696969696969766161616161616161616161616161616161616161616161616161616161616161616161616161616161616161616161616161616161616161616161434426260202020202020202020202020202020202020202020202020202
0202020202020202756964646464646464646464646969696969696969697602020202020202020202020202020202020260616161616162020202020202020260616161616162020202020202250202020202020202606161616161260202020202020770202020202020202020202020202077020202
0202020202020202756964646969696969696969696969696969696969697602020202022525020202020202252502020202606161616202020202020202020202606161616202020202020202020202020202020202026061616162020202020202020770202020202020202020202020202077020202
380202020202020277786464787878787869696969697878787878787878790202020202020202020202020202020202020202606162020202020202020202020202606162020202020202020202020225020202020202026061620202020202020202020202020202020202020202020202020202020202
5502020202020202020202020202020238706969697102020202020202020202020202020202020225250202020202020202020202020202020207707020202020202020202020202020202022502022502020202020202262626020202020202020202020202020202020770202020202020202020202
5502020201020202020202020102020255387569760202020202022502022525020202020202020202020202020202020202020202020202020207707020202020202020202020202020202020202020202020225020202262626020202020202020202020202020202020770202020202020202020202
55020202020202020202020202020202555569697602022502020202020202020202020225022502250225022502250202020202020202020202077070202020202020202020202020202020202020202020202250202022626260202020202020202020202020202020202020202020202020202020202
55020202020202020102020202020202555569697602022502020202020202020202020202250225022502250225022502020202020202020202077070202020202020202020202020202020202020202020202020202022626260202020202020202020202020202020202020202020202020202020202
5502020202020202020202020202020255556969760202020202022502022525020202020202020202020202020202020202024243440202020202020202020202024243440202020202020202250202250202020202020242434402020202020202020770202020202020202020202020207702020202
5502020201020202020202020102020255556969760202020202020202020202020202020202020202020202020202020202426161614402020202020202020202426161614402020202020202020202250202020202024261614344020202020202020770202020202020202020202020207702020202
550202020202020202020202020202025555696976020202020202020202020202020202020202020202020202020202024261616161610202020202020202024261616161614402020202020202020202020202020242616161616144020202020202020202020202020202020202020202020202020202
550202020202020202020202020202025556756976424343432525252525252525252525252525250202022525252525256161616161610202020202020202426161616161616144020202020225020202020202024261616161616161440202020202020202020202020202020202020202020202020202
55020219190202190202021902020202020275696961616161252525252525252525252525252525020202252525252525616161616161020202020242434361616161616161616143434343434343435555555555555555555555555555380202020202020202020202020770202020202020202020202
54021919190202190202020202020202020275696961616161616161616161616161616161616161020202616161616161616161616161020202020261616161616161616161616161616161616161615555555555555555555555555555553802020202020202020202020770202020202020202020202
020202020202021902020202020202021902756969606161616161616161616161616161616161620202026161616161616161616161610202020202616161616161616161616161616161616161616155555555555555555555555555555555380202020202020202020202020202020202020202020202
020202020202021902021919190202021902756976020202020202020202020202020202020202020202026161616161616161616161620202020202616161616161616161616161616161616161616155555555555555555555555555555555553802020202020202020202020202020202020202020202
190202021902021902020202020202021902756976020202020202020202020202020202020202020202026161616161620202020202020202020202616161616161616161616161616161616161616155555555555555555555555555555555555537373737373737373737373737373737373737373737
190202021902020202020202020202021902756976020207020202020202020202020202020202020202026061616162020202091011020202020202616161616161616161616161616162020202020202020254555555555555555555555555555555555555555555555555555555555555555555555555
190202021902020202020202020202021902756976020202020202020207020202020207020202020202020260616202020202272229020202020202616161616161616161616161616202020202020219020202545555555555555555555555555555555555555555555555555555555555555555555555
190202021902021919190202021919191902756976020202020202020202020202020202020202020202020202020202020202020202020202020202606161616161616161616161620202020202020202020202025455555555555555555555555555555555555555555555555555555602023940410255
190202021902021902020202020202021902756976020202020207020202020202020202020207020202020202020202020202020202020202020202026061616161616161616162020202070202020202020102020254555555555555555555555555555555560254555555555555560202025722590255
190202020202021919020202020202021919756976020202020202020202027273740202020202020202020202020202020202020202020202020202020260616161616161616202020202020202020202020202020202545602020254555555555555555556020202545555555556020202020202020255
190202020202020219020219020202020202121212020202020202020202021212120202020202020202020202020202020202020202020202020202020202020202020202020202020202020202020701020202020202020202020202545555555555555602020202025455555602020202020202020255
190202021902020219020219020202020202121212020202020202020202027778790202020202020202020242430202020202020202020202020202020202020202020202020202020202020202020202020202020202020202020202020202020202020202020202020202020202020202020202020255
190202191919190219020219020202021919756976020202020207020202020202020202020207020202024261614302020202020202020202020202020202020202020202020202020202070202020202020102020202020202020202020202020202020202020202020202020202020202020202020255
190202190202190219020219020219191919756976020202020202020202020202020202020202020202426161616143020202020202020202020202020202434343434343434402020202020202020202020202020236373802020202363737373737373738020202023637380202020202020202020255
190202190202191919020219020202021919756976020202020202020207020202020207020202020242616161616161430202020202020202020202020202616161616161616144020202020202020202020202023655555538020236555555555555555555380202365555553802020202020202020255
190202190202020202020219020202020219756976020207020202020202020202020202020202024261616161616161614343434402020202020202020202616161616161616161440202020225020202020202365555555555383655555555555555555555553836555555555538020202020202020255
190219190202020202020202020202020219756976020202020202020202020202020202020202426161616161616161616161616144020202020202020202616161616161616161614402020202020202020236555555555555555555555555555555555555555555555555555555380202020202020255
1902019020202020202020202020221919756976424343434343434343434343434343434343616161616161616161616161616161434343434343434343616161616161616161616143434343434337373755555555555555555555555555555555555555555555555555555555553737373737373737
191919191919191919191919191919191902756969616161616161616161616161616161616161616161616161616161616161616161616161616161616161616161616161616161616161616161616155555555555555555555555555555555555555555555555555555555555555555555555555555555