020202020202020202020202020202020202020202022
020202020202020202020202020202020202020202022
020202020202020202020202020202020202020202022
020202020202020202020202020202020202020202022
020202020202020202020202020202020202020202022
020202020202020202020202020202020202020202022
020202020202020202020202020202020202020202022
020202020225252525252525252525252525020202022
020202020225268989898989898989892625020202022
020202020225268989898989898989892625020202022
020202020225268989898989898989892625020202022
020202020225268989898989898989892625020202022
020202020225262625582558255825262625020202022
020202020225020202020202020202020225020202022
020202020225020202020202020202020225020202022
020202020225020202020202020202020225020202022
020202020225020202020202020202020225020202022
020202020225240202020202020202020225020202022
020202020225252525252525252525252525020202022
020202020202020202020202020202020202020202022
020202020202020202020202020202020202020202022
020202020202020202020202020202020202020202022
020202020202020202020202020202020202020202022