020202020202020202020202020202020202020202020202020202020202020202020202020202020202020202020202020202020202020202020202020202020202020202020202020202020202020202020202020202020202020202020202020202020202020202020202020202020202020202020202
020202020202020202020202020202020202020202020202020202020202020202020202020202020202020202020202020202020202020202020202020202020202020202020202020202020202020202020202020202020202020202020202020202020202020202020202020202020202020202020202
020202020202020202020202020202020202020202020202020202020202020202020202020202020202020202020202020202020202020202020202020202020202020202020202020202020202020202020202020202020202020202020202020202020202020202020202020202020202020202020202
020202020202020202020202020202020202020202020202020202020202020202020202020202020202020202020202020202020225252525252525252525252525020202020202020202020202020202020202020202020202020202020202020202020202020202020202020202020202020202020202
020202020202020202020202020202020202020202020202020202020202020202020202020202020202020202020202020202020225262222222222222222222625020202020202020202020202020202020202020202020202020202020202020202020202020202020202020202020202020202020202
020202020202020202020202020202020202020202020202020202020202020202020202020202020202020202020202020202020225262222222222222222222625020202020202020202020202020202020202020202020202020202020202020202020202020202020202020202020202020202020202
020202020202020202020202020202020202020202020202020202020202020202020202020202020202020202020202020202020225262222222222222222222625020202020202020202020202020202020202020202020202020202020202020202020202020202020202020202020202020202020202
020202020202020202020202020202020202020202020202020202020202020202020202020202020202020202020202020202020225262222222222222222222625020202020202020202020202020202020202020202020202020202020202020202020202020202020202020202020202020202020202
020202020202020202020202020202020202020202020202020202020202020202020202020202020202020202020202020202020225262625582558255825262625020202020202020202020202020202020202020202020202020202020202020202020202020202020202020202020202020202020202
020202020202020202020202020202020202020202020202020202020202020202020202020202020202020202020202020202020225020202020202020202020225020202020202020202020202020202020202020202020202020202020202020202020202020202020202020202020202020202020202
020202020202020202020202020202020202020202020202020202020202020202020202020202020202020202020202020202020225020202020202020202020225020202020202020202020202020202020202020202020202020202020202020202020202020202020202020202020202020202020202
020202020202020202020202020202020202020202020202020202020202020202020202020202020202020202020202020202020225020202020202020202020225020202020202020202020202020202020202020202020202020202020202020202020202020202020202020202020202020202020202
020202020202020202020202020202020202020202020202020202020202020202020202020202020202020202020202020202020225020202020202020202020225020202020202020202020202020202020202020202020202020202020202020202020202020202020202020202020202020202020202
020202020202020202020202020202020202020202020202020202020202020202020202020202020202020202020202020202020225240202020202020202020225020202020202020202020202020202020202020202020202020202020202020202020202020202020202020202020202020202020202
020202020202020202020202020202020202020202020202020202020202020202020202020202020202020202020202020202020225252525252525252525252525020202020202020202020202020202020202020202020202020202020202020202020202020202020202020202020202020202020202
020202020202020202020202020202020202020202020202020202020202020202020202020202020202020202020202020202020202020202020202020202020202020202020202020202020202020202020202020202020202020202020202020202020202020202020202020202020202020202020202
020202020202020202020202020202020202020202020202020202020202020202020202020202020202020202020202020202020202020202020202020202020202020202020202020202020202020202020202020202020202020202020202020202020202020202020202020202020202020202020202